122.082323
203.764196
215.419846
211.678114
210.885359
210.538311
212.953237
211.486055
210.225760
210.688870
209.300445
278.474244
210.838595
211.607199
210.489712
211.140701
213.135311
214.126248
212.882583
213.552467
211.563531
212.782629
213.003229
210.214852
212.000749
213.216077
211.928516
211.779559
211.791776
212.044659
211.834574
214.330710
213.716220
211.256688
214.307556
210.472554
211.072277
210.598597
212.359656
213.468462
212.833900
210.746675
210.919093
211.897248
211.657240
213.653845
212.937552
213.519071
215.808438
212.133953
212.314268
213.230698
214.869436
213.963902
212.975923
215.527596
212.265409
209.615925
209.262933
210.274372
209.688238
209.934424
214.287243
214.744950
212.291359
209.950290
212.485583
208.911991
210.813635
209.201359
209.817740
210.502962
210.211035
209.993531
213.395357
210.673790
210.946988
210.679727
209.423631
210.162966
210.269547
210.713699
210.135340
209.984421
212.362831
209.375781
212.685750
217.268760
217.754837
217.420751
215.899516
214.266398
211.946646
211.920291
210.990510
210.403250
