4.609
7.016
7.445
7.502
7.531
7.492
7.533
7.491
7.475
7.542
7.492
7.48
7.521
7.533
7.493
7.489
7.474
7.49
7.473
7.502
7.493
7.516
7.505
7.484
7.49
7.481
7.499
7.498
7.472
7.558
7.536
7.537
7.533
7.544
7.538
7.486
7.709
7.769
7.736
7.705
7.725
7.679
7.716
7.728
7.701
7.701
7.688
7.681
7.71
7.714
7.71
7.769
7.81
7.766
7.701
7.708
7.714
7.74
7.697
7.687
7.689
7.679
7.726
7.707
7.693
7.666
7.731
7.705
7.695
7.712
7.711
7.708
7.682
7.679
7.673
7.692
7.749
7.723
7.721
7.703
7.698
7.73
7.737
7.678
7.807
7.726
7.748
7.724
7.726
7.792
7.764
7.728
7.75
7.751
7.761
7.761
7.827
7.76
7.712
7.759
