4.527
4.408
4.566
4.346
4.496
4.391
4.343
4.500
4.330
4.515
4.485
4.407
4.583
4.530
4.591
4.599
4.722
4.669
4.661
4.437
4.405
4.351
4.437
4.503
4.309
4.518
4.334
4.516
4.336
4.422
4.572
4.480
4.562
4.659
4.642
4.494
4.542
4.376
4.384
4.422
4.543
4.673
4.502
4.425
4.535
4.392
4.577
4.573
4.618
4.396
4.725
4.598
4.534
4.527
4.569
4.554
4.527
4.642
4.485
4.557
4.519
4.631
4.514
4.461
4.552
4.589
4.536
4.610
4.589
4.616
4.560
4.500
4.717
4.557
4.551
4.605
4.643
4.518
4.546
4.549
4.539
4.476
4.599
4.685
4.704
4.667
4.556
4.430
4.474
4.453
4.528
4.396
4.536
4.403
4.419
4.432
4.408
4.452
4.408
4.416
"pre-contained count:3679286"
Took 452s.375.375637
