6.454374917
5.788811583
6.413419292
5.741730583
6.594315292
5.878011375
6.39964175
5.902086375
6.185437292
6.462681667
5.622673166
6.42949825
5.692244584
6.45850275
5.6651852080000005
6.04598875
5.652493166
6.428921875
5.721113334
6.459304125
5.7168691670000005
5.701743875
6.241633708
5.829450417
6.371664583
5.651402083
6.477570458
5.663420125
6.1842075
5.632460375
6.239160792
5.735473792
5.749646125
6.183689125
5.732437083
5.772320375
5.988697042
5.690573917
5.894941292
5.815736167
5.575793333
5.623609166
5.993131375
5.63045025
6.447276875
5.585020542
6.41368625
5.745976625
6.455216292
5.660315917
6.09980625
5.651879792
5.6251422909999995
5.9626685
5.758956833
5.625336458
6.443985416
5.770634084
6.296648375
5.61994475
6.4553085
5.675654917
6.429824542
5.774172375
6.483219959
5.652685291
5.950612833
6.101491958
5.741871291
5.71008
6.415543625
5.656145542
5.788154333
6.247916708
5.627155041
5.687129291
5.920332875
5.836170292
5.66407975
6.176086875
5.60495775
5.773823333
5.6782094579999995
6.501765208
5.762639792
5.909803708
5.78025025
5.83782375
5.675168084
5.872286291
6.144008334
5.66823875
6.418482459
5.65733025
6.254322292
5.700347416
6.426433708
5.812458458
6.114936959
5.781751167
