python results
21.320880889892578
21.263813972473145
21.298398971557617
21.43172311782837
21.334737300872803
21.266324281692505
21.26115584373474
21.333720922470093
21.28295612335205
21.305848121643066
21.295102834701538
21.28225827217102
21.339344263076782
21.4128577709198
21.28552508354187
21.22889232635498
21.258278846740723
21.248193979263306
21.246092796325684
21.238309860229492
21.261115074157715
21.2400381565094
21.322537899017334
21.227658987045288
21.30407214164734
21.262953996658325
21.254872798919678
21.796380758285522
21.474915981292725
21.282971143722534
21.245184898376465
21.43084692955017
21.232650995254517
21.20223593711853
21.32116389274597
21.295345783233643
21.21093201637268
21.182696104049683
21.37155818939209
21.337571144104004
21.29374885559082
21.209232091903687
21.33149790763855
21.326568126678467
21.165735006332397
21.182473182678223
21.183394193649292
21.191647052764893
21.150791883468628
21.164448261260986
21.15980887413025
21.264931678771973
21.319387197494507
21.280833959579468
21.25964593887329
21.13383722305298
20.89945411682129
20.935652256011963
20.908629894256592
20.54288101196289
20.557447910308838
20.700080156326294
20.59289813041687
20.629509687423706
20.521313905715942
20.7252140045166
20.699064016342163
20.77928113937378
20.840286016464233
20.8685040473938
20.688862085342407
20.60253095626831
20.7032208442688
20.687777996063232
20.892877101898193
20.665659189224243
20.56290102005005
21.11005210876465
20.620548963546753
20.69486093521118
20.547120094299316
20.525233030319214
20.599026918411255
20.91245985031128
21.116952896118164
20.826130867004395
20.84685182571411
20.838239908218384
20.825236082077026
20.656133890151978
20.603612184524536
20.56964421272278
20.607736110687256
20.557432889938354
20.70820927619934
20.844023942947388
20.662922143936157
20.51956605911255
20.671870946884155
20.612048864364624
