1.900
1.875
1.852
1.853
1.851
1.857
1.851
1.852
1.850
1.845
1.850
1.849
1.852
1.848
1.850
1.851
1.852
1.852
1.849
1.847
1.846
1.851
1.850
1.851
1.851
1.851
1.851
1.854
1.853
1.851
1.847
1.850
1.852
1.849
1.850
1.851
1.850
1.851
1.854
1.848
1.852
1.851
1.856
1.852
1.850
1.855
1.854
1.853
1.851
1.851
1.853
1.853
1.850
1.851
1.852
1.849
1.849
1.854
1.852
1.844
1.850
1.848
1.849
1.852
1.849
1.850
1.850
1.859
1.850
1.844
1.848
1.837
1.840
1.839
1.847
1.844
1.848
1.839
1.847
1.848
1.842
1.846
1.851
1.847
1.839
1.849
1.841
1.853
1.852
1.854
1.834
1.849
1.850
1.848
1.851
1.849
1.850
1.846
1.851
1.849
