1.810133958
1.805681291
1.783318458
1.773563875
1.7759106249999999
1.794481625
1.796235708
1.8079897919999999
1.787368125
1.770177042
1.7712514590000001
1.770693541
1.773454458
1.770884208
1.821616417
1.7930549999999998
1.809586209
1.810499375
1.808254209
1.8121704159999998
1.806798917
1.808362292
1.810522875
1.813816833
1.813433792
1.81057275
1.810250417
1.809311417
1.810978042
1.79665375
1.801117917
1.8104215830000001
1.803094417
1.810620958
1.804286375
1.813447625
1.801377791
1.809976292
1.816210584
1.8643192910000002
1.802866917
1.813194167
1.8106141660000001
1.8045088329999999
1.8120245000000001
1.812205916
1.826569208
1.8143641659999998
1.8192026669999999
1.8163269579999999
1.8123748750000002
1.807704959
1.82555875
1.807342666
1.807549083
1.8083048339999999
1.8092188340000002
1.810683375
1.805474583
1.804497042
1.8077149160000001
1.879502292
1.809827834
1.833150791
1.8473246250000002
1.813040625
1.8060746669999999
1.809911542
1.810934125
1.862513125
1.8356343339999999
1.8152498750000001
1.821259
1.812657417
1.8105965
1.9537390000000001
1.809958416
1.808974
1.822883042
1.809569542
1.811350625
1.807869417
1.809114459
1.8024645000000001
1.80692275
1.818626333
1.812400542
1.8061886249999999
1.8115929579999999
1.808314208
1.8074153750000002
1.8133991250000001
1.811534625
1.81272425
1.8058969999999999
1.811732833
1.8134459170000001
1.806392459
1.81671725
1.808796042
