15.677
23.069
30.568
27.746
31.232
26.175
29.696
25.079
29.513
24.83
29.467
24.829
29.258
24.548
29.966
25.001
32.067
25.383
30.226
24.271
28.814
23.304
28.035
23.492
28.032
23.448
28.204
23.421
28.351
23.355
28.061
23.376
27.963
23.537
27.849
23.477
28.143
23.318
28
23.306
28.1
23.389
28.088
23.394
27.939
23.369
27.984
24.509
29.216
24.305
28.865
24.801
29.293
25.031
30.065
24.878
29.718
24.494
31.262
25.261
29.5
25.575
30.155
25.592
30.038
24.875
31.321
24.957
29.415
24.573
29.348
24.78
29.511
25.993
28.981
25.494
29.831
27.023
29.042
24.167
29.027
23.972
28.222
24.745
28.529
23.878
30.581
23.813
27.996
25.449
29.138
23.256
28.16
23.359
27.633
23.16
28.818
25.534
29.24
24.455
