18.965446916
18.900992
18.983086708
19.139096875
19.002793917
19.028364583
19.2939045
19.114359208
19.213807166
18.781241625
18.722235417
18.722453917
18.818937834
18.866098791
18.895368834
18.796143292
18.752610042
18.669645875
18.757805542
18.698144
18.64803725
18.741191208
18.739378042
18.715936125
18.721097875
18.740663667
18.727646333
18.752384708
18.58447425
18.803342292
19.102937291
18.974541333
18.665371833000002
18.881561708
18.631898292
19.205523375
18.691716167
18.893884542
18.834523666
18.820884292
18.830700583
18.804867833
18.812520417
18.829175708
18.830828708
18.715786875
18.870461959
18.776746125
18.826410667
18.921708125
18.766416959
18.852539459
18.738794375
18.825689959
18.663515708
18.8454295
18.688954958
18.776415792
18.833922458
18.885904042
18.772717833
18.874432208
18.652274417
18.800930417
18.755738041
18.646279334
18.6888065
18.704805792
18.666375542
18.679812333
18.662909958
18.685839167
18.668183958
18.592128625
18.591749792
18.632538333
18.690225416
18.666183833
18.689431833
18.666448834
18.666519458
18.650243667
18.658919542
18.713366
18.693795042
18.741506042
18.613901625
18.639800041
18.743125708
18.814895542
18.827438125
18.756477666
18.90229325
18.885155083
19.072074541
18.692160958
18.952767042
19.007206625
18.828406541
18.901591292
Took 1880s.149.149011
