1.293
1.712
1.259
1.394
1.396
1.425
2.101
1.205
1.391
2.039
1.301
1.935
1.554
1.4
1.463
1.868
1.221
1.34
1.923
1.246
1.864
1.28
2.102
1.272
1.394
1.783
2.097
1.191
1.337
1.625
1.283
1.297
1.338
1.575
1.185
1.724
1.143
1.551
1.784
1.166
1.355
1.424
1.278
1.454
1.811
1.167
1.403
1.437
1.283
1.316
1.455
1.314
1.647
1.287
1.52
1.857
1.159
1.361
1.793
1.154
1.463
1.816
1.165
1.357
1.509
1.485
1.229
1.607
1.189
1.565
1.183
1.627
1.383
1.981
1.305
1.371
1.231
1.857
1.258
1.414
1.726
1.944
1.223
1.376
1.969
1.231
2.046
1.233
1.71
1.181
1.624
1.186
1.294
1.783
1.293
1.451
2.015
1.257
1.371
1.559
contains of: 12956160
