0.874
0.636
0.638
0.846
0.727
0.784
0.758
0.763
0.692
0.810
0.711
0.692
0.697
0.658
0.659
0.678
0.823
0.756
0.673
0.842
0.822
0.714
0.692
0.697
0.755
0.656
0.647
0.658
0.742
0.716
0.720
0.633
0.722
0.677
0.727
0.679
0.696
0.676
0.712
0.694
0.689
0.663
0.654
0.654
0.646
0.659
0.698
0.632
0.639
0.645
0.719
0.701
0.636
0.687
0.719
0.675
0.691
0.648
1.152
0.715
0.661
0.701
0.792
0.661
0.698
0.792
0.781
0.746
0.704
0.661
0.674
0.671
0.643
0.663
0.765
0.728
0.778
0.741
0.801
0.686
0.637
0.750
0.719
0.828
0.667
0.657
0.642
0.668
0.659
0.629
0.655
0.645
0.731
0.653
0.651
0.637
0.658
0.667
0.661
0.656
"contains of:"
7512670
Took 146s.948.948912
