5.362035274505615
5.68887186050415
6.077326774597168
5.5962958335876465
5.704401969909668
6.05663275718689
5.701730012893677
5.992058992385864
5.702438831329346
5.897342205047607
5.815420866012573
5.783502817153931
5.941272258758545
5.812358856201172
5.825583219528198
5.533711910247803
5.632765293121338
5.828993082046509
5.5645833015441895
5.796154737472534
5.726629018783569
5.876891136169434
5.594358682632446
5.650243043899536
5.704931259155273
5.791428089141846
5.663277626037598
5.706902742385864
5.581396102905273
5.705594062805176
5.602863073348999
5.679492950439453
5.572809219360352
5.722790956497192
5.617170810699463
5.865539073944092
5.5623369216918945
5.8208208084106445
5.523329019546509
6.00376296043396
5.634075164794922
5.64499306678772
5.704507112503052
5.376832723617554
5.907907962799072
5.3435211181640625
5.715978145599365
5.659068822860718
6.16793417930603
5.681145906448364
6.040313243865967
5.44996190071106
5.613682985305786
5.712766885757446
5.709924936294556
5.528851270675659
5.978426933288574
5.65278697013855
5.852291107177734
5.711418151855469
5.423579931259155
5.8135809898376465
5.703747749328613
5.873416900634766
5.472630977630615
5.83182692527771
5.433748006820679
5.917433977127075
5.537184953689575
5.960608005523682
5.596431016921997
5.5969460010528564
6.39567494392395
5.712968111038208
5.996624231338501
5.488870859146118
5.822489976882935
5.5774171352386475
5.691828966140747
5.577649831771851
5.67939305305481
5.660213947296143
5.612115144729614
5.564579963684082
5.72869610786438
5.6536900997161865
5.712559938430786
5.579698324203491
5.634791135787964
5.705231189727783
5.584188938140869
5.871125936508179
5.750231981277466
5.913761138916016
5.784206867218018
5.885738134384155
5.6737236976623535
5.658344030380249
5.798969030380249
5.78292179107666
contains of: 17733098
