0.169722459
0.137309209
0.174031333
0.186260792
0.147427083
0.138649708
0.153027833
0.152687459
0.146942833
0.143010792
0.141889958
0.138080083
0.139354625
0.145018792
0.138680583
0.143086583
0.155505542
0.142190333
0.139577375
0.139322
0.146678583
0.140108542
0.139795417
0.13956575
0.14175225
0.142043417
0.14274625
0.141151625
0.139464458
0.143548291
0.1497405
0.140329625
0.141502458
0.142806666
0.137173833
0.138197958
0.171615791
0.13932025
0.139037333
0.140798292
0.14048875
0.138227833
0.138742042
0.143109625
0.138137667
0.138290958
0.138573084
0.176456417
0.156863917
0.14176275
0.372432417
0.207249042
0.182204333
0.140907708
0.141864333
0.151549584
0.143007333
0.192889917
0.185031208
0.150287667
0.179860333
0.139215208
0.160399458
0.14610525
0.154027292
0.149097834
0.152413
0.136384458
0.14097525
0.170351708
0.139471792
0.15306575
0.138552125
0.166221875
0.158651917
0.146908292
0.154341083
0.152084792
0.167237541
0.139418875
0.145725041
0.166870625
0.142310833
0.187817834
0.178022834
0.165401208
0.170192042
0.146842708
0.145016917
0.142671792
0.159054917
0.174933
0.142596416
0.147644667
0.138323667
0.1760925
0.149795625
0.153077541
0.139015125
0.162740833
contains of: 54532456
