1.3
1.765
1.3
1.425
1.403
1.566
1.832
1.259
1.58
2.093
1.404
1.452
1.634
1.329
1.752
1.279
1.968
1.235
1.481
1.422
1.444
1.857
1.25
1.436
1.752
1.241
2.008
1.332
1.783
2.183
1.426
1.786
1.782
1.98
1.356
1.475
1.849
1.233
1.803
1.296
1.607
1.57
1.914
1.317
1.523
1.81
1.281
1.76
1.295
1.759
1.343
2.498
1.451
1.666
1.59
2.197
1.334
1.641
2.211
1.479
1.584
1.752
1.815
1.479
2.137
1.276
1.514
1.911
1.387
1.747
1.33
1.797
1.311
1.399
1.532
1.294
1.591
1.258
1.507
1.947
1.275
1.486
1.656
1.79
1.245
1.512
1.852
1.275
1.437
1.436
1.982
1.274
1.42
2.03
1.25
1.991
1.302
1.436
1.825
1.265
contains of: 12951722
