2.503
1.815
2.108
2.282
1.711
2.059
2.209
1.72
2.525
1.671
1.917
2.433
1.801
2.89
1.883
1.966
2.381
1.759
2.517
1.754
1.979
2.32
1.754
2.118
1.756
2.114
1.819
2.196
1.874
2.12
1.768
2.212
1.726
2.985
1.698
1.901
2.243
1.683
2.159
1.703
2.31
1.698
2.44
1.908
2.089
1.838
1.79
1.764
2.327
1.786
1.915
2.18
1.719
2.074
2.411
1.702
1.903
2.206
1.677
2.164
1.701
2.41
1.7
1.877
2.173
1.704
2.347
1.687
2.473
1.696
1.916
1.877
2.063
1.803
1.947
1.971
2.53
1.694
1.894
2.18
1.673
2.129
1.695
2.351
1.7
2.556
1.701
1.891
1.856
2.033
1.68
1.897
1.933
2.385
1.678
1.874
2.189
1.698
2.438
1.764
