1.377
1.227
1.171
1.208
1.164
1.200
1.213
1.244
1.360
1.316
1.383
1.243
1.255
1.270
1.293
1.255
1.230
1.220
1.250
1.308
1.271
1.184
1.201
1.313
1.221
1.204
1.194
1.241
1.267
1.279
1.351
1.287
1.316
1.239
1.255
1.246
1.202
1.239
1.161
1.246
1.217
1.197
1.246
1.282
1.268
1.307
1.355
1.321
1.281
1.326
1.278
1.202
1.288
1.248
1.328
1.253
1.221
1.231
1.251
1.368
1.206
1.290
1.272
1.236
1.201
1.273
1.221
1.232
1.238
1.285
1.226
1.234
1.233
1.183
1.202
1.239
1.240
1.210
1.281
1.274
1.207
1.220
1.208
1.248
1.242
1.281
1.332
1.280
1.227
1.226
1.411
1.284
1.255
1.304
1.240
1.240
1.299
1.251
1.280
1.267
"contains of:"
7514899
Took 204s.433.433131
