6.133176166
6.741092583
6.447036
6.771363417
6.187625875
6.7283855
6.08471675
6.724063709
6.104932959
6.721556667
6.136651083
6.829317209
6.381291792
6.759576292
6.248180875
6.72009975
5.985304583
6.452143625
6.2601205
6.353433959
6.440256875
5.968317042
6.461329834
6.3606825
6.368124375
6.464070375
5.89155425
6.439643625
5.78314575
6.456421125
5.763127583
6.488105042
5.926301834
6.415263
5.823151875
6.451010875
5.834201
6.503598208
6.233991708
6.66840075
6.322722125
6.538809958
6.6387427500000005
6.301798333
6.485107958
5.84712675
6.792939041
6.176012583
6.520263125
5.959257375
6.476375292
6.127762084
6.448439625
6.258318583
6.484487583
5.973148291
6.545187417
6.3044991249999995
6.497451875
6.45606175
6.467657334
6.193064291
6.531637833
6.416974042
6.189879708
6.465432416
6.5087075
6.129726167
6.501942083
6.016239667
6.642849917
6.313847958
6.55150825
6.503146334
6.5741595
6.663323791
6.45953975
6.497903583
6.369749375
6.449529209
6.538469083
6.280140416
6.595064292
6.480117291
6.247954167
6.638411959
6.303665583
6.34557425
5.888340459
6.473370542
6.466015
6.700383916
6.157837
6.331441833
6.349581208
6.188236375
6.3610254170000005
5.841643583
6.319600208
6.3310749170000005
precontained: 10000000
